Friday,20,January,2023,15:55:28:37401-VCID:44C44DE4CF09C6ADE6-8010,VCDS Version: Release 22.10.0 (x64),Data version: 20221026 DS344.0
5NA 906 259 A,ADVMB,R4 2.0l TFS   H13 0004,
,,G004,F0,G021,F0,G038,F0,G039,F0,G053,F0,G097,F0,G107,F0,G970,F0,G000,F0,G000,F0,G000,F0,G000,F0,

Marker,TIME,Loc. IDE00021,TIME,Loc. IDE00155,TIME,Loc. IDE00190,TIME,Loc. IDE00191,TIME,Loc. IDE00348,TIME,Loc. IDE00559,TIME,Loc. IDE00593,TIME,Loc. ENG102523,,,,,,,,,
,STAMP,Engine RPM,STAMP,Ignition timing angle retard cylinder 1,STAMP,Charge air pressure: specified value,STAMP,Charge air pressure: actual value,STAMP,Intake air temperature,STAMP,Current of oxygen sensor bank 1 sensor 1 (broadband sensor),STAMP,Ignition timing adjustment cylinder 1,STAMP,MAF,,,,,,,,,
,, /min,, °,, bar,, bar,, °C,, ,, Degrees,, mg/stroke,,,,,,,,,
,0.12,2077,0.12,0.00,0.12,1.339,0.12,1.102,0.12,27,0.12,1.001 Lambda / 0.000 mA,0.12,8.0,0.12,596.15,,,,,,,,,
,0.26,2174,0.26,0.00,0.26,1.443,0.26,1.184,0.26,27,0.26,0.997 Lambda / -0.008 mA,0.26,10.5,0.26,657.74,,,,,,,,,
,0.40,2245,0.40,0.00,0.40,1.556,0.40,1.284,0.40,27,0.40,0.986 Lambda / -0.031 mA,0.40,8.0,0.40,726.60,,,,,,,,,
,0.57,2384,0.57,0.00,0.57,1.720,0.57,1.425,0.57,26,0.57,0.988 Lambda / -0.027 mA,0.57,6.0,0.57,813.07,,,,,,,,,
,0.71,2560,0.71,0.00,0.71,2.116,0.71,1.610,0.71,26,0.71,0.993 Lambda / -0.016 mA,0.71,3.5,0.71,934.31,,,,,,,,,
,0.86,2850,0.86,0.00,0.86,2.262,0.86,1.848,0.86,26,0.86,0.992 Lambda / -0.020 mA,0.86,2.5,0.86,1070.12,,,,,,,,,
,1.03,3339,1.03,0.00,1.03,2.433,1.03,2.248,1.03,25,1.03,0.961 Lambda / -0.090 mA,1.03,0.5,1.03,1266.47,,,,,,,,,
,1.17,3792,1.17,0.00,1.17,2.395,1.17,2.549,1.17,25,1.17,0.952 Lambda / -0.113 mA,1.17,-1.0,1.17,1389.00,,,,,,,,,
,1.33,4299,1.33,0.00,1.33,2.369,1.33,2.336,1.33,25,1.33,1.011 Lambda / 0.016 mA,1.33,1.5,1.33,1351.65,,,,,,,,,
,1.47,4626,1.47,0.00,1.47,2.419,1.47,2.299,1.47,25,1.47,0.993 Lambda / -0.016 mA,1.47,3.5,1.47,1307.70,,,,,,,,,
,1.61,4943,1.61,0.00,1.61,2.398,1.61,2.328,1.61,24,1.61,0.981 Lambda / -0.043 mA,1.61,5.0,1.61,1308.25,,,,,,,,,
,1.75,5385,1.75,0.00,1.75,2.249,1.75,2.306,1.75,23,1.75,0.988 Lambda / -0.027 mA,1.75,6.5,1.75,1272.13,,,,,,,,,
,1.89,5760,1.89,0.00,1.89,2.197,1.89,2.218,1.89,23,1.89,0.994 Lambda / -0.016 mA,1.89,7.0,1.89,1195.43,,,,,,,,,
,2.03,6010,2.03,0.00,2.03,2.163,2.03,2.131,2.03,22,2.03,1.012 Lambda / 0.016 mA,2.03,7.5,2.03,1138.14,,,,,,,,,
,2.17,6265,2.17,0.00,2.17,2.153,2.17,2.091,2.17,22,2.17,0.991 Lambda / -0.020 mA,2.17,9.0,2.17,1078.31,,,,,,,,,
,2.33,5927,2.33,0.00,2.33,2.275,2.33,2.060,2.33,21,2.33,1.036 Lambda / 0.047 mA,2.33,0.5,2.33,1081.61,,,,,,,,,
,2.47,4561,2.47,0.00,2.47,2.333,2.47,1.754,2.47,21,2.47,1.999 Lambda / 1.949 mA,2.47,-6.0,2.47,991.28,,,,,,,,,
,2.61,4372,2.61,0.00,2.61,2.396,2.61,2.265,2.61,21,2.61,0.770 Lambda / -0.656 mA,2.61,-1.0,2.61,1303.37,,,,,,,,,
,2.75,4594,2.75,0.00,2.75,2.418,2.75,2.497,2.75,21,2.75,0.933 Lambda / -0.160 mA,2.75,2.0,2.75,1389.00,,,,,,,,,
,2.91,4767,2.91,0.00,2.91,2.353,2.91,2.379,2.91,21,2.91,0.969 Lambda / -0.074 mA,2.91,3.5,2.91,1348.65,,,,,,,,,
,3.05,4894,3.05,0.00,3.05,2.302,3.05,2.350,3.05,21,3.05,0.983 Lambda / -0.039 mA,3.05,4.5,3.05,1334.15,,,,,,,,,
,3.19,5043,3.19,0.00,3.19,2.272,3.19,2.327,3.19,21,3.19,0.987 Lambda / -0.031 mA,3.19,5.0,3.19,1310.85,,,,,,,,,
,3.32,5198,3.32,0.00,3.32,2.243,3.32,2.281,3.32,21,3.32,0.988 Lambda / -0.027 mA,3.32,5.5,3.32,1278.05,,,,,,,,,
,3.47,5389,3.47,0.00,3.47,2.218,3.47,2.247,3.47,21,3.47,0.998 Lambda / -0.004 mA,3.47,6.5,3.47,1247.16,,,,,,,,,
,3.62,5559,3.62,0.00,3.62,2.198,3.62,2.188,3.62,21,3.62,0.997 Lambda / -0.008 mA,3.62,7.0,3.62,1210.48,,,,,,,,,
,3.76,5727,3.76,0.00,3.76,2.184,3.76,2.162,3.76,22,3.76,0.996 Lambda / -0.008 mA,3.76,7.5,3.76,1170.06,,,,,,,,,
,3.91,5880,3.91,0.00,3.91,2.179,3.91,2.115,3.91,22,3.91,1.000 Lambda / 0.000 mA,3.91,7.5,3.91,1144.67,,,,,,,,,
,4.05,6035,4.05,0.00,4.05,2.165,4.05,2.096,4.05,22,4.05,0.991 Lambda / -0.020 mA,4.05,8.0,4.05,1114.85,,,,,,,,,
,4.19,6184,4.19,0.00,4.19,2.151,4.19,2.098,4.19,22,4.19,0.995 Lambda / -0.012 mA,4.19,9.0,4.19,1090.56,,,,,,,,,
,4.33,6347,4.33,0.00,4.33,2.144,4.33,2.071,4.33,22,4.33,0.994 Lambda / -0.016 mA,4.33,9.5,4.33,1080.11,,,,,,,,,
,4.46,6466,4.46,0.00,4.46,2.140,4.46,2.051,4.46,22,4.46,0.997 Lambda / -0.004 mA,4.46,10.5,4.46,1040.41,,,,,,,,,
,4.60,6515,4.60,0.00,4.60,2.121,4.60,2.053,4.60,23,4.60,0.991 Lambda / -0.020 mA,4.60,11.0,4.60,1052.05,,,,,,,,,
,4.75,6614,4.75,0.00,4.75,2.098,4.75,2.055,4.75,23,4.75,0.980 Lambda / -0.047 mA,4.75,10.5,4.75,1041.34,,,,,,,,,
,4.91,5488,4.91,0.00,4.91,2.069,4.91,1.954,4.91,23,4.91,1.999 Lambda / 0.910 mA,4.91,-2.0,4.91,1046.96,,,,,,,,,
,5.09,4864,5.09,0.00,5.09,2.140,5.09,2.205,5.09,24,5.09,0.816 Lambda / -0.500 mA,5.09,1.5,5.09,1251.49,,,,,,,,,
,5.24,4664,5.24,0.00,5.24,2.306,5.24,2.271,5.24,24,5.24,0.972 Lambda / -0.066 mA,5.24,4.5,5.24,1288.20,,,,,,,,,
,5.40,4778,5.40,0.00,5.40,2.321,5.40,2.301,5.40,25,5.40,0.984 Lambda / -0.039 mA,5.40,4.5,5.40,1301.30,,,,,,,,,
,5.56,4864,5.56,0.00,5.56,2.322,5.56,2.370,5.56,25,5.56,0.984 Lambda / -0.039 mA,5.56,5.0,5.56,1338.54,,,,,,,,,
,5.70,4947,5.70,0.00,5.70,2.306,5.70,2.362,5.70,25,5.70,0.991 Lambda / -0.023 mA,5.70,5.0,5.70,1340.40,,,,,,,,,
,5.85,5066,5.85,0.00,5.85,2.274,5.85,2.347,5.85,25,5.85,0.983 Lambda / -0.039 mA,5.85,5.5,5.85,1319.54,,,,,,,,,
,6.01,5129,6.01,0.00,6.01,2.257,6.01,2.328,6.01,26,6.01,0.968 Lambda / -0.074 mA,6.01,5.5,6.01,1306.04,,,,,,,,,
,6.16,5211,6.16,0.00,6.16,2.237,6.16,2.274,6.16,26,6.16,0.937 Lambda / -0.152 mA,6.16,6.5,6.16,1272.37,,,,,,,,,
,6.33,5293,6.33,0.00,6.33,2.231,6.33,2.235,6.33,26,6.33,0.911 Lambda / -0.219 mA,6.33,6.5,6.33,1257.80,,,,,,,,,
,6.47,5418,6.47,0.00,6.47,2.226,6.47,2.230,6.47,26,6.47,0.888 Lambda / -0.281 mA,6.47,7.0,6.47,1213.38,,,,,,,,,
,6.62,5465,6.62,0.00,6.62,2.225,6.62,2.217,6.62,27,6.62,0.881 Lambda / -0.305 mA,6.62,7.5,6.62,1215.18,,,,,,,,,
,6.76,5529,6.76,0.00,6.76,2.212,6.76,2.215,6.76,27,6.76,0.867 Lambda / -0.348 mA,6.76,3.5,6.76,1219.93,,,,,,,,,
,6.90,5587,6.90,0.00,6.90,2.211,6.90,2.211,6.90,27,6.90,0.839 Lambda / -0.430 mA,6.90,3.5,6.90,1199.73,,,,,,,,,
,7.05,5666,7.05,0.00,7.05,2.208,7.05,2.189,7.05,27,7.05,0.823 Lambda / -0.477 mA,7.05,4.0,7.05,1196.59,,,,,,,,,
,7.19,5725,7.19,0.00,7.19,2.201,7.19,2.188,7.19,28,7.19,0.812 Lambda / -0.512 mA,7.19,4.5,7.19,1170.69,,,,,,,,,
,7.33,5795,7.33,0.00,7.33,2.196,7.33,2.166,7.33,28,7.33,0.824 Lambda / -0.477 mA,7.33,4.0,7.33,1168.91,,,,,,,,,
